1 1 9 1 1 1 1 1 1 1 1 1 1 1 1 1 1 1 1 1 1 1 1 D D D 1 1 1 1 1 1 1 1 1 1 1 1 1 1 1 1 1 1
1 1 1 1 1 1 1 1 1 1 1 1 1 1 1 1 1 1 1 1 1 1 1 D D D 1 1 1 1 1 1 1 1 1 1 1 1 1 1 1 1 1 1
2 3 0 0 0 0 4 2 0 0 0 0 0 0 0 0 0 0 0 0 0 0 0 0 0 0 0 0 0 0 0 0 0 0 0 0 0 0 0 0 0 0 0 2
2 0 0 0 0 2 4 2 0 2 2 5 2 0 0 5 2 3 2 3 0 0 2 2 0 5 4 0 0 4 2 4 2 0 0 2 2 3 2 2 0 0 0 2
2 0 0 0 2 0 4 3 0 0 0 0 4 0 0 0 0 4 4 0 0 0 0 4 0 0 0 0 0 4 2 4 2 0 0 2 3 3 3 3 0 0 0 2
2 0 0 0 0 0 4 2 0 5 2 5 2 0 0 0 0 0 5 2 0 0 2 2 0 5 4 0 0 0 0 0 0 0 0 0 0 0 0 0 0 0 0 2
2 0 4 0 0 0 8 2 0 0 0 0 0 0 0 0 4 4 0 0 0 0 4 0 0 0 0 0 0 2 2 3 3 0 0 2 0 0 0 3 0 0 0 2
2 0 0 0 0 0 4 2 0 5 5 5 2 0 0 3 2 2 2 5 0 0 2 0 3 2 4 0 3 2 4 3 3 0 0 2 0 0 0 0 0 0 0 2
2 3 0 0 0 0 4 2 0 0 4 0 0 0 0 0 0 0 0 0 0 0 0 0 3 0 0 0 0 0 0 0 0 0 0 0 0 0 0 0 0 0 0 2
2 0 0 0 0 3 4 2 0 2 2 4 5 0 0 2 3 3 2 3 0 0 3 2 3 2 4 0 0 2 2 2 2 0 0 3 0 0 0 2 0 0 0 2
2 2 0 0 0 0 4 3 0 0 0 0 0 0 0 0 0 0 0 0 0 0 0 0 0 0 0 0 0 0 0 0 0 0 0 2 0 0 0 0 0 0 0 2
2 0 0 0 2 0 4 3 0 5 2 3 0 0 0 2 3 0 2 2 0 4 3 4 2 2 4 0 0 3 2 2 2 0 0 3 3 2 2 2 0 0 0 2
2 2 0 0 0 0 4 2 0 4 0 0 0 0 0 0 3 0 3 3 4 0 0 0 0 0 0 0 0 0 0 0 0 0 0 0 0 0 0 0 0 0 0 2
2 0 0 0 0 2 4 3 0 2 2 2 0 0 0 3 3 0 3 3 0 0 0 0 0 0 0 0 2 2 3 0 2 0 0 3 3 3 3 3 0 0 0 2
2 0 0 0 0 0 4 2 0 0 0 0 0 0 0 0 0 0 0 0 0 0 0 0 0 0 0 0 0 0 0 0 0 0 0 0 0 0 0 0 0 0 0 2
2 3 0 0 3 2 2 4 4 4 4 4 4 4 0 0 0 0 0 0 0 0 0 0 0 0 0 0 0 0 0 0 0 0 0 0 0 4 4 2 2 2 2 2
2 0 0 0 0 0 0 0 0 4 4 4 4 4 4 4 4 4 2 2 X X 2 2 2 2 2 3 X X 4 4 3 2 2 2 2 2 2 3 3 4 2 2
2 0 0 0 0 0 0 C 0 4 4 4 4 4 4 4 2 3 2 2 X X 2 4 2 4 2 3 X X 2 4 3 2 2 2 2 2 2 2 3 3 2 2
2 0 0 0 0 0 0 0 0 0 0 0 0 0 0 0 0 0 0 0 0 0 0 0 0 0 0 0 0 0 0 0 0 0 0 0 0 0 0 0 0 0 0 2
2 0 0 0 C 0 0 0 0 0 0 0 0 0 0 0 0 0 0 0 0 0 0 0 0 0 0 0 0 0 0 0 0 0 0 0 0 0 0 0 0 0 0 2
2 0 0 0 0 0 0 0 0 2 2 2 2 2 2 2 2 2 2 2 2 2 2 2 2 0 2 2 2 2 2 2 2 2 2 2 2 2 2 2 2 2 2 2
2 0 0 0 0 0 0 0 0 2 2 2 2 2 2 2 2 2 2 2 2 2 2 2 2 J 2 2 2 2 2 2 2 2 2 2 2 3 2 2 2 2 2 2
2 2 2 0 0 0 3 2 2 4 0 0 0 0 0 0 0 0 2 X 0 0 0 0 0 0 0 0 0 0 0 0 2 3 4 2 2 2 3 2 4 2 2 2
2 2 2 0 0 0 3 2 0 0 0 0 0 0 0 0 0 0 2 X 0 0 X 0 0 0 0 0 X 0 0 0 2 2 2 3 2 4 2 2 3 2 2 2
2 4 4 0 0 0 3 2 0 0 0 0 0 0 0 0 0 0 2 X 0 X X 0 0 0 0 X 0 0 0 0 2 4 2 2 4 4 4 4 2 2 2 2
2 2 2 0 0 0 3 2 0 0 0 0 0 0 0 0 0 0 2 X 0 0 0 0 0 0 0 0 0 0 0 0 2 4 2 3 4 3 2 2 2 2 2 2
2 0 0 0 0 0 2 0 0 0 0 0 0 0 0 0 0 0 2 X 0 0 0 0 0 A 0 0 0 0 0 0 2 4 2 2 4 2 2 2 2 2 3 2
2 0 0 0 0 0 2 0 0 0 0 0 0 C 0 0 0 0 2 X 0 0 0 X 0 0 0 0 0 0 0 X 2 3 2 2 4 2 3 3 3 3 3 2
2 0 0 0 0 0 0 0 0 0 0 0 0 0 0 0 0 0 2 X 0 0 0 0 0 0 0 0 X 0 0 X X 0 0 0 0 0 0 0 0 0 0 2
2 0 0 0 0 0 0 0 0 0 0 0 0 0 0 0 0 0 2 X X 0 X 0 0 0 0 X 0 0 0 X X 0 0 0 0 0 0 0 0 H 0 2
2 0 0 0 0 0 0 0 0 0 0 0 0 0 0 0 0 0 2 X X X 0 0 0 0 0 0 0 0 0 X X 0 0 0 0 0 0 0 0 0 0 2
2 0 0 0 0 0 2 0 0 0 0 0 0 0 0 0 0 0 2 2 2 2 2 2 2 2 2 2 2 2 2 2 2 0 0 0 0 0 C 0 0 H 0 2
2 0 0 0 0 0 2 0 0 0 0 0 0 0 0 0 0 0 4 4 4 4 4 4 4 4 4 4 4 4 4 4 2 0 0 0 0 0 0 0 0 0 0 2
2 0 0 0 0 0 2 2 2 2 2 2 2 2 2 2 2 2 2 2 2 2 2 2 2 2 2 2 2 2 2 2 2 0 0 0 0 0 0 0 0 H 0 2
2 3 0 0 0 3 0 0 0 0 0 0 0 0 0 0 0 0 0 0 0 0 0 0 0 0 0 0 0 0 0 0 2 0 0 0 0 0 0 0 0 0 0 2
2 0 0 0 0 0 0 0 0 0 4 0 0 2 2 2 2 0 0 0 0 0 0 0 0 2 2 2 2 0 0 0 2 2 2 2 2 2 2 2 2 2 2 2
2 0 0 0 0 0 0 0 0 0 0 2 0 0 0 0 0 0 0 0 0 0 0 0 0 0 0 0 0 0 0 0 0 0 0 0 0 0 0 0 0 0 0 2
2 0 0 0 0 0 0 0 0 3 0 0 0 0 0 0 0 6 6 6 6 6 6 6 0 0 0 0 0 0 0 0 0 0 0 0 0 0 0 0 0 0 0 2
2 0 0 0 0 0 0 0 3 0 0 0 0 0 0 0 0 0 0 0 0 0 0 0 0 0 0 0 0 0 0 0 0 0 0 0 0 0 0 0 0 0 0 2
2 0 0 0 0 0 0 0 0 0 0 0 0 2 2 2 2 0 0 0 0 0 0 0 0 2 2 2 2 0 0 0 0 0 0 0 0 0 0 0 0 0 0 2
2 0 0 0 0 0 0 0 0 0 0 0 0 0 0 0 0 0 0 0 0 0 0 0 0 0 0 0 0 0 0 0 0 0 0 0 0 0 0 0 0 0 0 2
2 0 0 0 0 0 0 0 0 0 2 0 0 2 2 2 2 0 0 0 0 2 0 0 0 2 2 0 2 0 0 0 2 0 0 0 0 0 0 0 0 H 0 2
2 0 0 0 0 0 0 0 0 0 2 0 0 0 0 4 0 0 0 0 0 2 0 0 0 0 0 0 0 4 0 3 2 0 0 0 0 0 0 0 0 0 0 2
2 0 0 0 0 0 0 0 0 0 2 0 0 0 4 0 0 4 4 0 0 2 0 0 0 0 0 0 0 4 2 0 2 0 0 0 0 0 0 0 0 0 0 2
2 0 0 0 0 0 0 0 0 0 0 0 0 0 0 0 0 0 0 0 0 0 0 0 0 0 0 0 0 0 0 0 0 0 0 0 0 0 0 0 0 0 0 2
2 0 0 0 0 N 0 0 0 0 0 0 0 0 0 0 N 0 0 0 0 0 0 0 0 0 0 N 0 0 0 0 0 0 0 0 0 0 N 0 0 0 0 2
2 0 0 0 0 0 0 0 0 0 0 0 0 0 0 0 0 0 0 0 0 0 0 0 0 0 0 0 0 0 0 0 0 0 0 0 0 0 0 0 0 0 0 2
2 0 0 0 0 0 0 0 0 0 2 0 0 3 4 0 0 4 0 0 0 2 0 0 0 0 0 0 0 0 0 0 2 0 0 0 0 0 0 0 0 0 0 2
2 0 0 0 0 0 0 0 0 0 2 0 0 0 4 0 0 0 4 4 0 2 0 0 0 0 0 0 0 4 4 4 2 0 0 0 0 0 0 0 0 0 0 2
2 1 1 1 1 1 1 1 1 1 1 1 1 1 1 1 1 1 1 1 1 1 1 1 1 1 1 1 1 1 1 1 1 1 1 1 1 1 1 1 1 1 1 1